For n = 60
Random: 17.116666666666667
Smart: 102.28333333333333
Smarter: 189.88333333333333
Smartest: 718.6333333333333
